<svg width="138" height="35" viewBox="0 0 138 35" fill="none" xmlns="http://www.w3.org/2000/svg">
<path d="M0.107247 1.90906C0.107247 0.855126 0.962595 0 2.03675 0L11.187 0.0398101C17.254 0.0596957 22.1473 6.30378 22.1075 13.9598L22.0877 19.6669C22.0678 27.3229 17.1346 33.5272 11.0676 33.5073L1.9174 33.4676C0.863141 33.4676 0.0078125 32.6125 0.0078125 31.5386L0.107247 1.90906ZM14.6283 22.5702C15.6229 17.8374 15.5433 9.78376 11.6644 6.18446C10.3316 4.95155 7.16884 4.05667 7.14895 6.95997C7.10916 10.0621 7.14898 16.3261 7.24844 25.7718C7.26833 27.661 8.52147 29.6296 10.4311 28.6354C12.8181 27.4223 14.0514 25.2747 14.6283 22.5702Z" fill="white"/>
<path d="M50.7923 15.67C50.4541 14.8149 49.4993 14.4172 48.644 14.7553C46.2172 15.7098 45.7398 17.7779 45.7597 20.363C45.7795 24.0618 44.9441 27.8599 48.4251 30.3059C50.3745 31.6581 51.1503 29.5105 51.7869 28.0787C52.4632 26.5475 53.239 26.1895 54.8303 26.2691C55.2679 26.289 55.626 26.6469 55.626 27.1042C55.626 32.9506 49.3203 36.1522 44.5661 32.9307C43.1737 31.9961 41.5625 27.5616 41.6023 26.4878C41.8012 20.5619 40.4685 12.6474 48.3257 11.1759C52.503 10.4004 54.4126 13.6019 55.6061 16.9029C55.8249 17.4796 55.5265 18.116 54.9496 18.3148C52.6422 19.15 51.5482 17.5591 50.7923 15.67Z" fill="white"/>
<path d="M66.7051 30.6237C68.933 30.1067 68.3561 25.4733 71.8173 26.3482C72.3345 26.4675 72.5931 26.8056 72.5334 27.3624C72.2748 30.2657 71.0216 32.2742 68.8136 33.3878C64.1391 35.7343 60.0811 32.3935 58.7882 28.0187C58.092 25.6921 58.271 21.6155 58.4102 19.3088C58.629 15.0135 62.3289 10.4795 66.8642 11.0761C70.4646 11.5533 71.0813 13.8998 72.434 16.5247C72.8915 17.4196 72.792 18.394 71.6383 18.4934C69.8083 18.6326 68.5948 17.7974 68.018 16.0077C67.3417 13.9197 64.7955 14.4765 63.8009 16.1668C63.1644 17.2406 62.8461 18.1554 62.8063 18.9309C62.7268 21.0985 62.6671 23.266 62.6671 25.4136C62.6472 26.9448 64.4375 31.1606 66.7051 30.6237Z" fill="white"/>
<path d="M103.703 29.7292C101.853 33.9251 97.5166 35.2773 93.5383 33.1495C90.9324 31.7575 89.5799 29.2917 89.4804 25.772C89.3411 20.2637 88.9831 13.2639 95.249 11.494C101.256 9.80376 104.678 14.457 104.757 19.8261C104.837 23.8231 105.056 26.6668 103.703 29.7292ZM98.75 15.5706C97.0393 13.2639 94.7119 15.6303 94.3538 17.4796C93.6178 21.238 93.0211 27.3032 96.343 30.0076C98.4714 31.7576 100.023 27.5617 100.023 26.1896C100.023 23.2067 100.58 18.0563 98.75 15.5706Z" fill="white"/>
<path d="M131.076 14.6953C129.086 13.9595 126.958 16.2663 128.887 18.0759C131.593 20.5815 135.213 20.5417 137.202 23.9024C138.933 26.8454 137.222 31.777 134 33.01C133.363 33.2486 132.369 33.348 130.996 33.2884C127.595 33.1492 124.511 33.6662 123.696 29.4504C123.656 29.2714 123.716 29.0925 123.855 28.9732C128.331 25.0756 127.833 31.4191 131.652 30.1464C133.164 29.6493 134 27.8397 133.303 26.3881C132.587 24.8569 128.967 24.1211 127.475 23.2263C124.034 21.1383 123.178 17.0617 125.426 13.7806C127.435 10.8574 132.707 9.9426 135.551 12.488C138.117 14.7947 134.994 17.877 132.309 15.5703C131.812 15.093 131.374 14.7947 131.076 14.6953Z" fill="white"/>
<path d="M30.6608 29.1922C28.4926 29.1922 28.5125 30.9222 28.0948 32.4733C27.9157 33.1296 27.2593 33.5471 26.583 33.4278L25.4492 33.229C24.7729 33.1097 24.3551 32.4534 24.5143 31.7972C25.9863 25.6327 27.8362 19.7863 28.8109 13.7609C29.3082 10.6787 32.5903 11.0963 34.7386 11.5735C34.9574 11.6332 35.0768 11.7525 35.1166 11.9513L39.4331 31.5984C39.6917 32.7915 39.2143 33.3881 37.981 33.3284L37.3643 33.3085C36.1112 33.2488 35.4349 32.6125 35.3354 31.3796C35.2161 30.087 34.9176 29.4308 34.4203 29.391C33.1473 29.2518 31.8941 29.1922 30.6608 29.1922ZM30.8796 25.5531L33.0478 25.4935C33.4655 25.4736 33.7838 25.1355 33.7838 24.7179V24.6384C33.6844 20.9397 32.8091 17.9568 31.8543 17.9767H31.6952C30.7404 17.9966 30.0243 21.0192 30.1436 24.7179V24.7974C30.1237 25.2349 30.4619 25.573 30.8796 25.5531Z" fill="white"/>
<path d="M87.1541 15.0335C83.4543 15.0136 83.0365 15.3119 83.0962 18.4538C83.1957 22.8286 83.1957 27.1637 83.1161 31.459C83.0962 32.6522 82.4795 33.2686 81.286 33.2885H80.8485C80.0528 33.3084 79.3964 32.6721 79.3964 31.8568C79.3367 26.8257 79.3765 21.9934 79.4759 17.3402C79.5356 14.6755 77.069 15.1528 75.3384 15.0932C74.5626 15.0534 74.1847 14.6556 74.2444 13.8602L74.3239 12.5677C74.3836 11.7921 74.7815 11.4143 75.5573 11.4143L86.6369 11.3745C87.91 11.3745 88.5267 11.991 88.4869 13.2637L88.467 13.7409C88.467 14.4568 87.8901 15.0335 87.1541 15.0335Z" fill="white"/>
<path d="M113.451 23.6244C112.894 23.4454 112.337 23.8431 112.337 24.4198L112.317 31.519C112.317 32.7718 111.7 33.3882 110.447 33.3882H109.751C108.498 33.3882 107.861 32.7718 107.861 31.4991L107.921 12.7668C107.921 11.9515 108.339 11.514 109.154 11.4743C112.397 11.2953 118.961 10.48 120.95 13.5423C121.905 14.994 121.567 17.3008 121.706 19.0706C121.746 19.5677 121.567 20.0649 121.189 20.4029C120.154 21.3972 118.384 22.5705 119.021 24.3403C119.916 26.7464 120.771 29.1327 121.607 31.5389C122.044 32.7917 121.607 33.3882 120.274 33.3485L119.498 33.3286C118.245 33.2689 117.429 32.6326 117.111 31.4196C116.693 29.7691 115.4 24.2806 113.451 23.6244ZM114.923 20.8205C116.435 20.6813 117.549 19.2097 117.389 17.5195C117.23 15.8292 115.878 14.5764 114.366 14.7156C112.854 14.8548 111.74 16.3263 111.899 18.0166C112.058 19.687 113.411 20.9597 114.923 20.8205Z" fill="white"/>
</svg>
