<svg width="161" height="35" viewBox="0 0 161 35" fill="none" xmlns="http://www.w3.org/2000/svg">
<path d="M1.00621 33.2539C1.58307 31.9813 2.15993 30.7086 2.7169 29.4359C6.85439 19.9107 10.972 10.3855 15.1095 0.860248C15.1493 0.76082 15.2089 0.641507 15.2885 0.482422C15.3681 0.621621 15.4476 0.721049 15.4874 0.840363C16.0643 2.15281 16.661 3.46527 17.218 4.7976C17.3175 5.01635 17.3374 5.3544 17.2379 5.57314C13.2993 14.6808 9.34085 23.7685 5.38239 32.8761C5.22326 33.2341 5.04426 33.3534 4.66632 33.3534C3.43303 33.3335 2.21962 33.3733 0.986328 33.3733C1.00622 33.3335 1.00621 33.2937 1.00621 33.2539Z" fill="white"/>
<path d="M34.4844 33.3732C34.4844 25.1804 34.4844 17.1267 34.4844 9.01333C35.7376 9.01333 36.951 9.01333 38.224 9.01333C38.224 15.7744 38.224 22.5157 38.224 29.237C46.1608 30.3108 52.009 26.4133 53.2423 18.7971C54.0778 13.6069 51.6907 8.59574 47.3742 6.03049C45.6635 5.01632 43.8136 4.4993 41.8244 4.47941C39.3976 4.47941 36.9708 4.47941 34.4844 4.47941C34.4844 3.12719 34.4844 1.83462 34.4844 0.442627C34.7032 0.442627 34.922 0.442627 35.1209 0.442627C37.1499 0.442627 39.1788 0.442627 41.2078 0.442627C47.971 0.442627 52.7052 3.70387 55.5697 9.64968C58.5335 15.8341 57.3599 23.4105 52.8047 28.3819C49.7812 31.683 46.0415 33.3732 41.546 33.3533C39.4175 33.3533 37.2891 33.3533 35.1607 33.3533C34.9618 33.3732 34.743 33.3732 34.4844 33.3732Z" fill="white"/>
<path d="M65.8542 8.57593C65.8542 10.6639 65.8542 12.732 65.8542 14.8996C66.1327 14.8996 66.3515 14.8996 66.5902 14.8996C68.9374 14.8996 71.2846 14.9194 73.6517 14.8797C74.1689 14.8797 74.3082 15.0388 74.2883 15.5359C74.2684 16.6495 74.2883 17.7631 74.2883 18.9562C71.4637 18.9562 68.7186 18.9562 65.9337 18.9562C65.9337 22.4163 65.9337 25.8168 65.9337 29.3365C66.1724 29.3365 66.431 29.3365 66.6697 29.3365C71.7222 29.3365 76.7549 29.3564 81.8074 29.3166C82.3842 29.3166 82.5235 29.4956 82.5036 30.0325C82.4638 30.9671 82.4837 31.9217 82.5036 32.8563C82.5036 33.2142 82.424 33.3932 82.0063 33.3932C75.5216 33.3733 69.017 33.3932 62.5322 33.3733C62.4129 33.3733 62.2935 33.3534 62.1543 33.3335C62.1543 25.081 62.1543 16.8484 62.1543 8.57593C63.3478 8.57593 64.5612 8.57593 65.8542 8.57593Z" fill="white"/>
<path d="M29.5503 33.3334C28.1579 33.3334 26.9246 33.3533 25.6714 33.3136C25.4924 33.3136 25.2736 33.0352 25.194 32.8363C23.2446 28.3223 21.2952 23.8082 19.3458 19.2942C18.769 17.9618 18.1722 16.6295 17.6351 15.2773C17.5158 14.9989 17.5158 14.6012 17.6153 14.3427C18.1722 12.9507 18.7889 11.5786 19.4453 10.0474C22.8468 17.8425 26.1886 25.5184 29.5503 33.3334Z" fill="white"/>
<path d="M74.4668 4.45944C74.4668 3.1271 74.4668 1.83453 74.4668 0.502197C77.1124 0.502197 79.7381 0.502197 82.4235 0.502197C82.4235 1.81465 82.4235 3.1271 82.4235 4.45944C79.7978 4.45944 77.1721 4.45944 74.4668 4.45944Z" fill="white"/>
<path d="M145.719 26.2145C145.719 27.3281 145.719 28.4218 145.719 29.5155C145.719 29.8337 145.719 30.1916 145.858 30.4501C146.017 30.7086 146.375 31.0069 146.654 31.0268C146.893 31.0467 147.271 30.7484 147.41 30.4899C147.569 30.1916 147.569 29.7939 147.589 29.4359C147.609 28.382 147.589 27.3281 147.589 26.2145C148.046 26.2145 148.484 26.2145 148.902 26.2145C148.902 27.6462 149.001 29.0979 148.862 30.5098C148.723 31.9018 147.828 32.5381 146.475 32.4983C145.321 32.4586 144.446 31.6631 144.366 30.3706C144.267 28.9985 144.347 27.6263 144.347 26.1946C144.804 26.2145 145.222 26.2145 145.719 26.2145Z" fill="white"/>
<path d="M150.194 26.1946C151.089 26.1946 151.944 26.1549 152.8 26.2145C153.894 26.2941 154.63 27.2088 154.649 28.4417C154.669 29.6945 153.973 30.5894 152.839 30.7484C152.422 30.8081 152.004 30.8081 151.526 30.8479C151.526 31.3649 151.526 31.862 151.526 32.3989C151.049 32.3989 150.651 32.3989 150.174 32.3989C150.194 30.3308 150.194 28.3025 150.194 26.1946ZM151.566 29.3962C152.163 29.3962 152.8 29.5752 153.078 28.9587C153.217 28.6604 153.177 28.1235 152.998 27.8451C152.66 27.348 152.083 27.5667 151.566 27.6065C151.566 28.223 151.566 28.7798 151.566 29.3962Z" fill="white"/>
<path d="M154.908 26.2344C154.948 26.2145 154.968 26.1946 154.988 26.1946C156.34 26.0952 156.34 26.0952 156.758 27.348C157.056 28.2229 157.355 29.0979 157.793 29.9729C158.111 29.0581 158.429 28.1434 158.727 27.2287C159.125 26.0554 159.125 26.0554 160.478 26.2145C160.279 26.8309 160.06 27.4275 159.861 28.0241C159.424 29.3365 158.946 30.6291 158.528 31.9416C158.33 32.558 157.892 32.3194 157.514 32.379C157.176 32.4188 156.937 32.3591 156.798 31.9614C156.221 30.1717 155.585 28.4019 154.988 26.6321C154.948 26.4929 154.948 26.3537 154.908 26.2344Z" fill="white"/>
<path d="M115.663 11.1609C115.743 11.0814 115.822 10.9819 115.902 10.9024C116.399 10.445 116.976 10.2859 117.612 10.5047C118.269 10.7433 118.547 11.2802 118.567 11.8967C118.607 12.9506 118.587 14.0244 118.587 15.138C118.388 15.1579 118.189 15.1579 117.911 15.1778C117.911 14.1835 117.931 13.229 117.911 12.2745C117.891 11.4791 117.394 11.0018 116.737 11.2206C116.399 11.3399 116.041 11.7177 115.941 12.0558C115.782 12.5927 115.822 13.2091 115.802 13.7858C115.782 14.2233 115.802 14.6608 115.802 15.1181C115.564 15.1181 115.385 15.1181 115.126 15.1181C115.126 14.1239 115.146 13.1694 115.126 12.2148C115.106 11.7575 114.947 11.2603 114.43 11.2206C114.092 11.1808 113.634 11.3399 113.375 11.5785C113.157 11.7972 113.077 12.2347 113.057 12.5728C113.017 13.408 113.037 14.2432 113.037 15.1181C112.779 15.1181 112.6 15.1181 112.381 15.1181C112.381 13.587 112.381 12.0756 112.381 10.3655C112.699 10.5246 112.938 10.624 113.236 10.7831C114.191 10.1865 114.728 10.2263 115.663 11.1609Z" fill="white"/>
<path d="M106.969 27.5469C107.307 27.7457 107.506 27.8849 107.764 28.044C108.759 27.4077 109.356 27.4673 110.171 28.3622C110.291 28.2628 110.39 28.1633 110.509 28.0639C111.464 27.2287 112.777 27.6264 113.095 28.8394C113.135 28.9786 113.175 29.1178 113.175 29.257C113.175 30.2712 113.175 31.2854 113.175 32.3393C112.956 32.3393 112.757 32.3393 112.519 32.3393C112.519 31.7825 112.519 31.2456 112.519 30.7087C112.519 30.2911 112.519 29.8735 112.499 29.4559C112.439 28.8196 112.121 28.4417 111.623 28.402C111.066 28.3622 110.629 28.6406 110.509 29.2769C110.41 29.8337 110.43 30.4303 110.41 31.007C110.39 31.4445 110.41 31.8819 110.41 32.3393C110.171 32.3592 110.012 32.3592 109.754 32.3791C109.754 31.6234 109.754 30.8877 109.754 30.1519C109.754 29.8138 109.714 29.4758 109.654 29.1377C109.575 28.7002 109.296 28.4218 108.839 28.3821C108.361 28.3423 107.983 28.561 107.824 28.9786C107.705 29.2968 107.665 29.6746 107.645 30.0326C107.625 30.7882 107.645 31.5439 107.645 32.3194C107.406 32.3194 107.227 32.3194 107.009 32.3194C106.969 30.828 106.969 29.3167 106.969 27.5469Z" fill="white"/>
<path d="M108.322 20.6863C108.322 19.8312 108.342 18.9562 108.322 18.1011C108.322 17.7034 108.462 17.5642 108.839 17.5841C109.237 17.604 109.635 17.604 110.053 17.5841C112.062 17.425 113.116 18.8568 113.116 20.6863C113.116 22.4561 112.181 23.8879 109.993 23.8083C108.342 23.7487 108.342 23.7884 108.342 22.1379C108.322 21.6408 108.322 21.1635 108.322 20.6863ZM109.018 18.3398C109.018 19.513 109.018 20.6067 109.018 21.7004C109.018 23.1919 109.018 23.1919 110.51 23.0328C111.684 22.9135 112.38 22.0584 112.38 20.726C112.38 19.3539 111.724 18.4591 110.53 18.3398C110.073 18.3 109.575 18.3398 109.018 18.3398Z" fill="white"/>
<path d="M149.399 19.6919V17.2261H150.036V23.7088C149.558 23.9474 149.399 23.7287 149.359 23.2912C147.728 24.6036 146.336 23.3906 146.177 21.9191C146.137 21.4617 146.157 20.9845 146.276 20.547C146.674 18.9561 148.365 18.5982 149.399 19.6919ZM149.26 22.1776C149.419 21.7401 149.439 21.2629 149.32 20.8055C149.32 20.7856 149.3 20.7458 149.3 20.7259C149.121 20.1493 148.624 19.7515 148.126 19.7714C147.529 19.8112 147.171 20.1691 146.992 20.7061C146.774 21.3225 146.813 21.939 147.152 22.4958C147.629 23.2912 148.663 23.2912 149.121 22.4958C149.161 22.3963 149.22 22.2969 149.26 22.1776Z" fill="white"/>
<path d="M110.829 15.158C110.65 15.158 110.471 15.158 110.252 15.158C110.212 14.9989 110.193 14.8398 110.133 14.6211C109.516 15.2773 108.8 15.4165 108.064 15.0387C107.249 14.6211 106.99 13.8455 106.93 12.9905C106.89 12.2945 107.03 11.6382 107.487 11.0814C108.164 10.2661 109.019 10.2263 110.173 11.0019C110.173 10.5644 110.173 10.1667 110.173 9.78886C110.173 9.41104 110.173 9.03321 110.173 8.6355C110.411 8.6355 110.59 8.6355 110.809 8.6355C110.829 10.803 110.829 12.9706 110.829 15.158ZM110.193 12.8513C110.212 11.8769 109.675 11.1809 108.939 11.1809C108.183 11.1809 107.607 11.9365 107.646 12.891C107.646 12.9905 107.666 13.0899 107.686 13.1893C107.845 14.0245 108.382 14.5415 109.019 14.4819C109.655 14.4222 110.153 13.8256 110.212 13.0302C110.193 12.9706 110.193 12.9109 110.193 12.8513Z" fill="white"/>
<path d="M115.344 31.862C115.344 32.6574 115.344 33.3336 115.344 34.0494C115.105 34.0693 114.926 34.0693 114.707 34.0892C114.707 31.9615 114.707 29.8735 114.707 27.7656C115.145 27.5667 115.304 27.7855 115.363 28.1832C116.935 27.1292 118.347 27.7855 118.506 29.6547C118.546 30.2115 118.467 30.828 118.248 31.345C117.79 32.4785 116.637 32.737 115.622 32.041C115.562 32.0211 115.503 31.9813 115.344 31.862ZM115.264 30.0524C115.363 30.3905 115.403 30.7484 115.562 31.0666C115.92 31.7427 116.656 31.9018 117.233 31.4842C118.049 30.8876 118.049 29.1973 117.213 28.6207C117.054 28.5212 116.855 28.4417 116.656 28.4218C115.861 28.3423 115.324 28.9985 115.264 30.0524Z" fill="white"/>
<path d="M105.656 31.6034C105.656 31.9016 105.656 32.1204 105.656 32.359C104.482 32.359 103.329 32.359 102.115 32.359C102.115 30.3108 102.115 28.2825 102.115 26.2144C103.269 26.2144 104.403 26.2144 105.557 26.2144C105.557 26.453 105.557 26.6717 105.557 26.9501C104.661 26.9501 103.766 26.9501 102.811 26.9501C102.811 27.5865 102.811 28.183 102.811 28.8194C103.587 28.8194 104.363 28.8194 105.198 28.8194C105.198 29.0978 105.198 29.3165 105.198 29.5949C104.403 29.5949 103.627 29.5949 102.811 29.5949C102.811 30.271 102.811 30.9074 102.811 31.5835C103.746 31.6034 104.661 31.6034 105.656 31.6034Z" fill="white"/>
<path d="M101.301 15.1183C102.017 13.1297 102.733 11.1809 103.449 9.23215C103.489 9.09295 103.747 8.97363 103.887 8.97363C104.046 8.97363 104.285 9.11283 104.324 9.23215C105.06 11.1809 105.757 13.1297 106.473 15.0984C105.975 15.2575 105.717 15.178 105.558 14.6808C105.2 13.607 105.18 13.607 104.046 13.607C103.946 13.607 103.847 13.607 103.747 13.607C102.554 13.607 102.534 13.607 102.156 14.7206C102.037 15.2177 101.778 15.2774 101.301 15.1183ZM103.966 10.0872C103.907 10.0872 103.867 10.0872 103.807 10.0872C103.489 11.002 103.171 11.9167 102.832 12.8712C103.568 12.8712 104.225 12.8712 104.941 12.8712C104.603 11.8968 104.285 11.002 103.966 10.0872Z" fill="white"/>
<path d="M140.467 33.1943C141.083 30.987 141.7 28.7797 142.317 26.5724C142.396 26.294 142.456 26.0355 142.536 25.7571C142.794 24.8225 142.874 24.7827 143.948 25.0213C143.689 25.9758 143.431 26.9303 143.152 27.8848C142.715 29.416 142.277 30.9671 141.859 32.4983C141.621 33.3733 141.481 33.4528 140.467 33.1943Z" fill="white"/>
<path d="M151.925 21.7003C151.945 22.3167 152.224 22.7343 152.701 22.9531C153.318 23.2513 153.875 23.0525 154.312 22.5752C154.77 23.0724 154.75 23.2116 154.233 23.5496C153.338 24.1263 152.104 23.828 151.567 22.8934C151.05 21.9985 151.05 21.0639 151.468 20.1293C151.766 19.4333 152.323 19.0157 153.119 19.0356C153.915 19.0555 154.412 19.493 154.73 20.189C154.77 20.2685 154.79 20.348 154.81 20.4077C155.188 21.5412 155.068 21.7003 153.915 21.7003C153.278 21.7003 152.622 21.7003 151.925 21.7003ZM151.925 21.0838C152.721 21.0838 153.477 21.0838 154.233 21.0838C154.233 20.3282 153.815 19.8111 153.198 19.7714C152.542 19.7117 152.065 20.1691 151.925 21.0838Z" fill="white"/>
<path d="M126.026 30.3309C124.892 30.3309 124.096 30.3309 123.101 30.3309C123.082 30.9075 123.34 31.2854 123.778 31.524C124.414 31.8819 124.971 31.6632 125.469 31.2058C125.966 31.5439 125.846 31.8223 125.429 32.1206C124.534 32.7569 123.161 32.4188 122.644 31.3848C122.206 30.5098 122.206 29.615 122.604 28.7201C122.922 28.0241 123.459 27.6065 124.235 27.6264C125.031 27.6264 125.568 28.0639 125.827 28.7798C126.025 29.257 126.026 29.6746 126.026 30.3309ZM123.082 29.6746C123.877 29.6746 124.613 29.6746 125.369 29.6746C125.349 28.8991 124.931 28.4019 124.315 28.3622C123.638 28.3423 123.181 28.7997 123.082 29.6746Z" fill="white"/>
<path d="M122.267 22.5754C122.684 23.1123 122.664 23.2515 122.147 23.5697C121.272 24.1265 120.039 23.8481 119.522 22.9334C118.945 21.9192 118.945 20.8454 119.561 19.8511C120.258 18.7176 121.849 18.7574 122.485 19.9107C122.764 20.4079 122.724 21.084 122.724 21.6806C121.551 21.6806 120.874 21.6806 119.86 21.6806C119.88 22.297 120.118 22.7146 120.596 22.9334C121.232 23.2515 121.789 23.0726 122.267 22.5754ZM122.187 21.084C122.088 20.2289 121.65 19.7517 121.013 19.7716C120.377 19.7914 119.939 20.2886 119.88 21.084C120.635 21.084 121.391 21.084 122.187 21.084Z" fill="white"/>
<path d="M142.376 15.337C142.038 15.1381 141.839 15.0188 141.62 14.8796C141.382 14.9592 141.063 15.158 140.725 15.1978C139.79 15.2972 139.194 14.82 139.134 13.9848C139.074 13.0104 139.552 12.4933 140.566 12.4734C140.924 12.4536 141.282 12.4734 141.859 12.4734C141.64 12.0161 141.561 11.6184 141.322 11.3599C140.984 11.0218 140.447 11.1212 139.532 11.5587C139.154 11.161 139.253 10.8826 139.731 10.6639C141.183 9.94797 142.376 10.6639 142.396 12.2945C142.396 13.2291 142.376 14.1637 142.376 15.337ZM141.64 13.1297C141.203 13.1297 140.805 13.1098 140.427 13.1297C140.029 13.1496 139.83 13.4081 139.83 13.8058C139.83 14.2433 140.029 14.4819 140.447 14.5416C141.262 14.6808 141.76 14.124 141.64 13.1297Z" fill="white"/>
<path d="M134.301 21.4219C134.301 19.8509 135.256 18.8765 136.588 19.0555C137.603 19.1947 138.339 20.3282 138.239 21.581C138.239 21.6009 138.239 21.6208 138.239 21.6407C138.1 23.0326 137.265 23.8877 136.151 23.8281C135.077 23.7684 134.301 22.7741 134.301 21.4219ZM135.077 20.8253C134.977 21.2032 134.977 21.581 135.057 21.9588C135.077 22.0384 135.096 22.1179 135.116 22.1975C135.315 22.7344 135.673 23.0923 136.27 23.0923C136.887 23.0923 137.265 22.7145 137.384 22.1776C137.483 21.7003 137.483 21.1833 137.384 20.706C137.265 20.1691 136.847 19.7913 136.27 19.7913C135.713 19.7714 135.335 20.1293 135.136 20.6265C135.116 20.6861 135.096 20.7458 135.077 20.8253Z" fill="white"/>
<path d="M133.307 29.6745C133.228 28.3223 132.611 28.0837 131.079 28.7797C131 28.6007 130.92 28.4416 130.841 28.2825C131.497 27.6661 132.432 27.4672 133.128 27.7854C133.864 28.1234 133.984 28.7995 133.984 29.4955C133.984 30.4302 133.984 31.3648 133.984 32.3392C133.625 32.3988 133.287 32.5579 133.327 32.0409C132.989 32.1801 132.691 32.3591 132.372 32.4187C131.457 32.5778 130.781 32.0807 130.701 31.2256C130.622 30.3307 131.139 29.7541 132.074 29.6944C132.472 29.6745 132.87 29.6745 133.307 29.6745ZM133.267 30.3307C132.87 30.3307 132.452 30.3109 132.034 30.3307C131.636 30.3506 131.417 30.5893 131.398 30.9671C131.378 31.3847 131.577 31.6432 131.974 31.7625C132.77 31.9812 133.427 31.2853 133.267 30.3307Z" fill="white"/>
<path d="M149.955 12.7519C149.995 12.4934 150.015 12.215 150.074 11.9764C150.333 11.0219 151.049 10.4452 151.904 10.4253C152.78 10.4253 153.536 10.9622 153.735 11.9366C153.854 12.4934 153.854 13.09 153.754 13.6468C153.555 14.6808 152.76 15.2376 151.785 15.1978C150.91 15.1581 150.194 14.482 150.015 13.5076C149.975 13.2689 149.975 13.0104 149.955 12.7519ZM153.197 12.6923C153.178 12.5729 153.158 12.3343 153.078 12.0957C152.899 11.5588 152.561 11.1809 151.944 11.1809C151.308 11.1611 150.95 11.5389 150.751 12.0957C150.671 12.3144 150.631 12.5729 150.631 12.7917C150.611 13.7462 151.168 14.4621 151.904 14.4621C152.66 14.5018 153.197 13.786 153.197 12.6923Z" fill="white"/>
<path d="M105.258 19.155C104.721 20.6663 104.204 22.1379 103.667 23.6293C103.528 24.027 103.408 24.4247 103.209 24.8025C102.772 25.6775 101.936 25.8167 101.141 25.1406C101.22 24.9616 101.3 24.7628 101.379 24.5838C101.399 24.6435 101.419 24.7031 101.439 24.7429C101.797 24.723 102.235 24.8025 102.493 24.6236C102.891 24.3452 102.991 23.8679 102.792 23.331C102.274 21.939 101.797 20.547 101.3 19.155C101.837 18.9562 102.036 19.155 102.195 19.6124C102.513 20.6067 102.891 21.601 103.368 22.6151C103.528 22.1578 103.687 21.7203 103.846 21.2629C104.045 20.6862 104.264 20.1095 104.443 19.513C104.562 19.1351 104.761 18.9959 105.258 19.155Z" fill="white"/>
<path d="M125.151 15.158C125.151 14.2035 125.171 13.2887 125.151 12.374C125.111 11.3797 124.336 10.8826 123.56 11.3399C123.082 11.6382 122.943 12.1155 122.943 12.6325C122.943 13.4478 122.943 14.2631 122.943 15.1381C122.724 15.158 122.545 15.1779 122.307 15.1977C122.307 13.6268 122.307 12.0956 122.307 10.5445C122.645 10.465 122.963 10.3457 122.943 10.8826C123.321 10.7235 123.659 10.5047 124.037 10.4451C124.952 10.286 125.688 10.8627 125.788 11.9166C125.867 12.9904 125.808 14.0643 125.808 15.1779C125.609 15.158 125.43 15.158 125.151 15.158Z" fill="white"/>
<path d="M139.414 23.7087C139.414 22.1974 139.414 20.6861 139.414 18.9561C139.732 19.135 139.951 19.2543 140.25 19.4333C140.369 19.3737 140.627 19.1549 140.926 19.0953C142.02 18.797 142.855 19.4532 142.935 20.6861C142.995 21.581 142.955 22.4758 142.955 23.3906C142.955 23.8877 142.656 23.7883 142.278 23.7286C142.278 23.0127 142.278 22.2968 142.278 21.581C142.278 21.402 142.278 21.223 142.259 21.044C142.199 20.2486 141.821 19.8111 141.224 19.8111C140.588 19.8111 140.09 20.3282 140.051 21.0838C140.011 21.8196 140.031 22.5554 140.051 23.311C140.071 23.7883 139.852 23.8678 139.414 23.7087Z" fill="white"/>
<path d="M129.01 14.6409C129.089 14.4619 129.189 14.2631 129.229 14.1636C129.786 14.2829 130.283 14.442 130.78 14.4818C131.118 14.5017 131.536 14.3227 131.456 13.9051C131.417 13.6665 131.098 13.4279 130.86 13.2887C130.641 13.1693 130.362 13.1693 130.104 13.1097C129.388 12.9108 129.109 12.5529 129.109 11.8768C129.109 11.1609 129.427 10.6638 130.124 10.5246C130.541 10.445 130.999 10.4848 131.417 10.5643C132.053 10.7035 132.073 10.803 131.775 11.4194C131.417 11.32 131.059 11.1808 130.701 11.1609C130.323 11.141 129.905 11.2206 129.805 11.6779C129.706 12.195 130.104 12.3143 130.482 12.4336C130.72 12.5131 130.959 12.533 131.178 12.6126C131.934 12.8313 132.212 13.229 132.153 13.9648C132.093 14.6409 131.655 15.0983 130.959 15.1977C130.163 15.317 129.567 15.138 129.01 14.6409Z" fill="white"/>
<path d="M155.844 10.8827C155.904 10.8429 156.043 10.7236 156.202 10.644C157.197 10.0872 158.39 10.5844 158.49 11.7179C158.589 12.8513 158.51 13.9848 158.51 15.1581C158.331 15.1581 158.172 15.1581 157.973 15.1581C157.953 15.0586 157.933 14.9592 157.933 14.8598C157.893 13.9252 157.913 12.9706 157.814 12.036C157.774 11.7576 157.456 11.3599 157.177 11.2804C156.879 11.1809 156.421 11.3201 156.143 11.4991C155.924 11.6582 155.765 12.036 155.745 12.3343C155.665 12.9309 155.685 13.5274 155.685 14.124C155.685 14.4422 155.685 14.7604 155.685 15.1581C155.466 15.178 155.267 15.178 155.009 15.1978C155.009 14.1837 155.009 13.2292 155.009 12.2747C155.009 11.8571 154.989 11.4395 155.029 11.0219C155.049 10.8429 155.188 10.6838 155.287 10.5048C155.427 10.6043 155.586 10.7037 155.844 10.8827Z" fill="white"/>
<path d="M126.9 31.3847C127.597 31.5239 128.114 31.683 128.611 31.683C128.671 31.683 128.73 31.6631 128.77 31.6234C129.148 31.3847 129.148 30.8279 128.79 30.5893C128.77 30.5694 128.75 30.5694 128.73 30.5495C128.452 30.4103 128.114 30.3904 127.815 30.3109C127.219 30.1319 126.92 29.7541 126.92 29.1178C126.92 28.4417 127.219 27.9644 127.815 27.7655C128.531 27.5269 129.188 27.6661 129.864 28.0638C129.765 28.2826 129.685 28.4615 129.626 28.6007C129.148 28.5212 128.711 28.382 128.293 28.4218C128.233 28.4218 128.193 28.4417 128.134 28.4814C127.756 28.6803 127.716 29.2172 128.014 29.4956C128.054 29.5354 128.094 29.5751 128.154 29.595C128.432 29.7541 128.79 29.7939 129.128 29.8734C129.645 30.0126 129.944 30.3507 129.964 30.9075C130.003 31.504 129.824 32.0012 129.268 32.2398C128.532 32.5779 127.756 32.5182 127.079 32.0807C126.92 32.0012 126.94 31.6234 126.9 31.3847Z" fill="white"/>
<path d="M135.217 31.4047C135.814 31.5041 136.311 31.6831 136.808 31.6632C136.868 31.6632 136.927 31.6433 136.967 31.6035C137.325 31.3649 137.325 30.828 136.987 30.5695C136.967 30.5496 136.947 30.5297 136.908 30.5297C136.649 30.3905 136.331 30.3905 136.032 30.311C135.376 30.1121 135.097 29.7542 135.097 29.0979C135.097 28.4019 135.416 27.9446 136.052 27.7457C136.748 27.527 137.385 27.6662 138.041 28.0838C137.942 28.3025 137.862 28.4815 137.803 28.6008C137.286 28.5411 136.828 28.4019 136.41 28.4417C136.191 28.4616 135.853 28.5411 135.814 28.9786C135.774 29.3962 136.072 29.5155 136.291 29.5951C136.569 29.7144 136.908 29.774 137.206 29.8536C137.922 30.0723 138.161 30.4104 138.141 31.1064C138.121 31.7626 137.743 32.2995 137.087 32.3791C136.589 32.4387 136.052 32.399 135.555 32.2598C134.938 32.0808 134.918 31.9217 135.217 31.4047Z" fill="white"/>
<path d="M126.742 22.476C126.881 22.5953 127.041 22.7146 127.18 22.8339C126.583 24.0668 125.051 24.206 124.196 23.1322C123.5 22.2572 123.5 20.6266 124.196 19.7516C125.031 18.6977 126.583 18.817 127.16 20.03C127.04 20.1493 126.901 20.2488 126.782 20.3681C125.728 19.6522 125.191 19.6124 124.713 20.2488C124.176 20.9448 124.256 22.2174 124.892 22.7941C125.429 23.2714 126.006 23.172 126.742 22.476Z" fill="white"/>
<path d="M146.594 13.8655C146.734 13.9649 146.873 14.0643 147.012 14.1637C146.813 15.337 145.103 15.4364 144.406 14.8597C143.273 13.9251 143.233 11.7973 144.347 10.8428C145.222 10.0872 146.435 10.3457 147.052 11.4195C146.913 11.5388 146.773 11.6581 146.714 11.7178C146.236 11.5189 145.858 11.2803 145.441 11.2207C145.202 11.1809 144.864 11.3797 144.665 11.5786C144.028 12.1951 144.088 13.5672 144.705 14.1637C145.242 14.6808 145.839 14.6012 146.594 13.8655Z" fill="white"/>
<path d="M131.397 20.0498C131.238 20.1691 131.098 20.2884 130.959 20.3878C130.044 19.6521 129.487 19.6123 128.97 20.189C128.393 20.8452 128.433 22.2173 129.069 22.7741C129.606 23.2514 130.243 23.1519 130.919 22.4559C131.078 22.5752 131.218 22.6747 131.377 22.794C130.84 24.0269 129.268 24.2059 128.433 23.132C127.737 22.2571 127.717 20.706 128.353 19.8111C129.129 18.6976 130.939 18.8169 131.397 20.0498Z" fill="white"/>
<path d="M135.116 14.4222C135.374 14.9591 135.295 15.1381 134.738 15.1977C133.922 15.3171 133.385 14.8796 133.346 14.0245C133.306 13.1098 133.346 12.195 133.346 11.4195C133.067 11.1411 132.888 10.982 132.709 10.8229C132.888 10.6439 133.067 10.4848 133.326 10.2263C133.326 10.0871 133.346 9.80874 133.365 9.47068C133.564 9.45079 133.743 9.45079 133.982 9.43091C134.022 9.76896 134.042 10.0871 134.082 10.4451C134.32 10.465 134.539 10.4252 134.738 10.4848C134.877 10.5246 134.997 10.7036 135.116 10.803C134.997 10.9223 134.897 11.0814 134.738 11.1411C134.539 11.2007 134.3 11.1808 134.042 11.1808C134.042 12.1354 134.002 13.0501 134.062 13.9648C134.082 14.462 134.4 14.5813 135.116 14.4222Z" fill="white"/>
<path d="M139.095 2.8288C139.095 1.91406 139.095 0.979436 139.095 0.0646973C139.155 0.0646973 139.194 0.0646973 139.254 0.0646973C139.254 2.21235 139.254 4.34011 139.254 6.48776C139.214 6.48776 139.174 6.50764 139.135 6.50764C139.095 6.24913 139.055 5.99062 139.035 5.75199C138.975 5.69233 138.916 5.65256 138.876 5.5929C138.836 5.71222 138.836 5.83153 138.777 5.91107C138.001 6.88547 136.708 6.82581 136.071 5.77187C135.494 4.79748 135.494 3.76342 136.071 2.78903C136.728 1.61578 138.021 1.63566 139.095 2.8288ZM135.813 4.20091C135.952 4.67816 136.032 5.07588 136.171 5.43382C136.409 5.99062 136.847 6.32867 137.484 6.30879C138.08 6.30879 138.518 5.99061 138.757 5.4537C139.174 4.55885 139.194 3.664 138.637 2.8288C138.06 1.95383 136.887 1.93395 136.33 2.80891C136.071 3.2464 135.972 3.78331 135.813 4.20091Z" fill="white"/>
<path d="M132.172 6.48776C132.152 6.22924 132.132 5.95084 132.092 5.61279C131.993 5.71222 131.913 5.75199 131.873 5.81165C131.456 6.4281 130.899 6.68661 130.163 6.54741C129.447 6.40821 129.069 5.91107 128.87 5.27473C128.591 4.43954 128.611 3.60434 129.049 2.8288C129.665 1.7152 130.978 1.61578 131.794 2.59017C131.873 2.66972 131.933 2.76914 132.132 2.98788C132.132 2.37143 132.132 1.89418 132.132 1.43681C132.132 0.979437 132.132 0.522067 132.132 0.0646973C132.172 0.0646973 132.212 0.0646973 132.251 0.0646973C132.251 2.19246 132.251 4.34011 132.251 6.46787C132.232 6.48776 132.192 6.48776 132.172 6.48776ZM130.421 2.07315C130.063 2.31177 129.665 2.49074 129.387 2.78903C128.85 3.3856 128.87 4.16114 129.009 4.89691C129.168 5.77187 129.825 6.32867 130.561 6.30879C131.297 6.2889 131.873 5.71222 132.033 4.81736C132.052 4.67816 132.092 4.53896 132.112 4.39977C132.232 3.2464 131.476 2.21235 130.421 2.07315Z" fill="white"/>
<path d="M137.047 15.1779C136.808 15.1779 136.629 15.1779 136.41 15.1779C136.41 13.6268 136.41 12.0956 136.41 10.3656C136.728 10.5843 136.927 10.7434 137.166 10.9025C137.464 10.7633 137.862 10.5843 138.36 10.3457C138.36 10.7036 138.36 10.9224 138.36 11.1411C137.186 11.6184 137.047 11.8172 137.047 13.1297C137.047 13.7859 137.047 14.4421 137.047 15.1779Z" fill="white"/>
<path d="M116.637 18.9959C116.836 19.155 117.035 19.3141 117.254 19.4732C117.532 19.334 117.93 19.155 118.427 18.9363C118.427 19.3141 118.427 19.5328 118.427 19.7715C117.353 20.1095 117.154 20.3879 117.134 21.5612C117.134 22.1379 117.134 22.7146 117.134 23.2912C117.134 23.7685 117.114 23.7685 116.518 23.7287C116.518 22.2174 116.518 20.6862 116.518 19.155C116.557 19.1153 116.597 19.0556 116.637 18.9959Z" fill="white"/>
<path d="M120.357 32.3591C120.099 32.3591 119.94 32.3591 119.681 32.3591C119.681 31.4443 119.681 30.5495 119.681 29.6546C119.681 29.1973 119.641 28.7399 119.701 28.2825C119.721 28.0837 119.9 27.8848 119.999 27.6859C120.158 27.8251 120.317 27.9643 120.477 28.1035C120.795 27.9445 121.213 27.7456 121.71 27.5269C121.71 27.9047 121.71 28.1234 121.71 28.3422C120.536 28.8194 120.377 29.0382 120.377 30.3904C120.357 31.0068 120.357 31.6432 120.357 32.3591Z" fill="white"/>
<path d="M127.258 6.54755C127.219 6.32881 127.179 6.14984 127.139 5.89132C126.682 6.42823 126.144 6.70663 125.448 6.56743C124.812 6.42824 124.434 5.93109 124.474 5.25498C124.513 4.55899 124.911 4.1215 125.587 4.06184C125.846 4.04196 126.105 4.06184 126.363 4.06184C126.622 4.06184 126.88 4.06184 127.159 4.06184C127.199 3.40562 127.239 2.80905 126.701 2.43122C125.965 1.9142 125.309 2.33179 124.653 2.78916C124.832 2.25225 125.329 1.93408 125.965 1.93408C126.542 1.93408 127.04 2.13294 127.239 2.72951C127.338 3.04768 127.378 3.38573 127.378 3.72379C127.398 4.61864 127.378 5.5135 127.358 6.42824C127.358 6.44812 127.318 6.46801 127.258 6.54755ZM127.179 4.83738C127.258 4.43967 127.099 4.22093 126.602 4.28059C126.304 4.32036 126.005 4.28059 125.707 4.30047C125.05 4.34024 124.692 4.71807 124.712 5.33453C124.712 5.95098 125.13 6.36858 125.786 6.36858C126.582 6.36858 127.159 5.75212 127.179 4.83738Z" fill="white"/>
<path d="M106.354 2.76924C106.712 2.1329 107.309 1.83462 107.965 1.93404C108.562 2.01359 109.039 2.33176 109.079 2.92833C109.139 4.10158 109.099 5.29472 109.039 6.48785C108.999 6.30888 108.979 6.12991 108.96 6.03048C108.522 6.20945 108.064 6.50774 107.587 6.54751C106.771 6.64694 106.254 6.09014 106.234 5.29472C106.234 4.49929 106.692 4.04192 107.507 4.02204C107.945 4.02204 108.383 4.02204 108.88 4.02204C108.94 3.40558 108.999 2.8289 108.482 2.39141C108.045 2.03347 107.448 2.1329 106.354 2.76924ZM108.025 4.26066C107.766 4.28055 107.507 4.28055 107.249 4.32032C106.771 4.39986 106.533 4.69815 106.493 5.19529C106.453 5.77197 106.732 6.20946 107.249 6.32877C107.885 6.48785 108.502 6.18957 108.8 5.57311C109.218 4.73792 108.94 4.26066 108.025 4.26066Z" fill="white"/>
<path d="M105.438 0.581913C104.463 0.581913 103.509 0.581913 102.494 0.581913C102.494 1.55631 102.494 2.47105 102.494 3.46533C103.35 3.46533 104.225 3.46533 105.08 3.46533C105.08 3.54487 105.08 3.60453 105.08 3.68407C104.225 3.68407 103.369 3.68407 102.415 3.68407C102.415 4.69824 102.415 5.59309 102.415 6.48795C102.375 6.48795 102.315 6.48795 102.275 6.48795C102.275 4.45961 102.275 2.43128 102.275 0.383057C103.35 0.383057 104.384 0.383057 105.418 0.383057C105.438 0.462599 105.438 0.522256 105.438 0.581913Z" fill="white"/>
<path d="M143.809 5.77192C143.65 6.44803 142.715 6.82586 141.92 6.46792C141.601 6.32872 141.303 6.0702 141.104 5.79181C140.567 5.03615 140.567 4.18107 140.786 3.32599C141.024 2.43113 141.701 1.87434 142.437 1.91411C143.173 1.93399 143.829 2.55045 144.028 3.40553C144.227 4.20096 144.147 4.30038 143.312 4.30038C142.556 4.30038 141.78 4.30038 141.044 4.30038C140.806 4.8373 141.064 5.55318 141.581 5.99066C142.218 6.50769 142.775 6.44803 143.809 5.77192ZM143.849 4.04187C143.809 2.90839 143.153 2.15274 142.297 2.21239C141.502 2.25216 140.885 3.06747 140.945 4.04187C141.92 4.04187 142.874 4.04187 143.849 4.04187Z" fill="white"/>
<path d="M132.531 19.1152C132.75 19.1152 132.929 19.1152 133.168 19.1152C133.168 20.5868 133.168 22.0185 133.168 23.4503C133.168 23.9474 132.81 23.7287 132.531 23.7884C132.531 22.1975 132.531 20.6663 132.531 19.1152Z" fill="white"/>
<path d="M120.117 10.5247C120.336 10.5247 120.515 10.5247 120.734 10.5247C120.734 12.0757 120.734 13.587 120.734 15.158C120.535 15.1779 120.356 15.1779 120.117 15.1978C120.117 13.6268 120.117 12.0956 120.117 10.5247Z" fill="white"/>
<path d="M127.338 10.5445C127.676 10.4848 127.974 10.4053 127.974 10.8627C127.974 12.2745 127.974 13.6864 127.974 15.158C127.756 15.1778 127.557 15.1778 127.338 15.1977C127.338 13.6268 127.338 12.0956 127.338 10.5445Z" fill="white"/>
<path d="M114.33 23.7088C114.33 22.1776 114.33 20.6663 114.33 19.1152C114.529 19.1152 114.708 19.1152 114.967 19.1152C114.967 19.851 114.967 20.5868 114.967 21.3027C114.967 21.9589 114.947 22.6151 114.967 23.2713C114.987 23.7685 114.788 23.8878 114.33 23.7088Z" fill="white"/>
<path d="M117.99 6.48796C117.97 6.28911 117.93 6.07036 117.89 5.79197C117.731 5.95105 117.632 6.07036 117.513 6.18968C116.796 6.90556 115.503 6.68682 115.165 5.75219C114.728 4.55906 115.026 3.30626 114.966 2.07335C115.026 2.07335 115.106 2.05347 115.165 2.05347C115.185 2.23244 115.205 2.41141 115.205 2.61026C115.205 3.40569 115.185 4.221 115.225 5.01643C115.245 5.7522 115.682 6.24933 116.299 6.34876C116.975 6.44819 117.612 6.07036 117.791 5.3346C117.91 4.85734 117.91 4.34031 117.93 3.86306C117.95 3.26649 117.93 2.68981 118.089 2.09324C118.089 3.56477 118.089 5.01643 118.089 6.48796C118.05 6.46808 118.01 6.48796 117.99 6.48796Z" fill="white"/>
<path d="M148.822 15.1779C148.543 15.1779 148.404 15.1779 148.146 15.1779C148.146 14.4222 148.146 13.7064 148.146 12.9706C148.146 12.2746 148.126 11.5786 148.165 10.8826C148.165 10.7633 148.384 10.644 148.504 10.5247C148.603 10.644 148.802 10.7434 148.802 10.8627C148.822 12.2547 148.822 13.6865 148.822 15.1779Z" fill="white"/>
<path d="M113.614 2.82893C113.514 2.76927 113.435 2.76927 113.395 2.70962C112.699 1.81476 111.266 2.09316 110.869 3.38573C110.65 4.10161 110.65 4.81749 111.008 5.47372C111.505 6.42823 112.52 6.6072 113.315 5.89132C113.395 5.83166 113.474 5.772 113.614 5.67258C113.355 6.42823 112.599 6.7464 111.784 6.50777C110.908 6.24926 110.391 5.17543 110.491 3.92264C110.59 2.80904 111.207 2.05339 112.142 1.93408C112.818 1.85453 113.415 2.19259 113.614 2.82893Z" fill="white"/>
<path d="M122.027 0.999512C122.127 1.31768 122.107 1.75517 122.326 1.91425C122.525 2.07334 122.962 1.99379 123.281 2.01368C123.281 2.05345 123.281 2.11311 123.281 2.15288C122.922 2.17276 122.564 2.19265 122.167 2.21254C122.167 3.38579 122.127 4.53916 122.186 5.67264C122.226 6.24932 122.644 6.42829 123.201 6.22943C123.3 6.18966 123.4 6.16978 123.579 6.13C123.121 6.72657 122.366 6.70669 122.087 6.13C121.968 5.89138 121.928 5.59309 121.928 5.31469C121.908 4.30053 121.928 3.28636 121.928 2.23242C121.689 2.19265 121.49 2.17276 121.291 2.15288C121.291 2.11311 121.291 2.09322 121.271 2.05345C121.47 2.01368 121.649 1.97391 121.888 1.91425C121.908 1.61597 121.928 1.2978 121.948 0.999512C121.968 0.999512 121.988 0.999512 122.027 0.999512Z" fill="white"/>
<path d="M120.138 0.0449219C120.138 2.19257 120.138 4.34022 120.138 6.48787C120.099 6.48787 120.079 6.48787 120.039 6.48787C120.039 4.34022 120.039 2.19257 120.039 0.0449219C120.059 0.0449219 120.099 0.0449219 120.138 0.0449219Z" fill="white"/>
<path d="M153.238 8.69522C152.562 9.03327 152.363 9.90824 151.408 9.72927C151.945 9.25202 152.124 8.37705 153.238 8.69522Z" fill="white"/>
<path d="M114.309 17.8824C114.15 17.7234 114.15 17.445 114.309 17.2859C114.428 17.1666 114.548 17.0671 114.627 17.087C114.806 17.1268 115.065 17.4251 115.045 17.5842C115.025 17.6836 114.965 17.783 114.886 17.8626C114.727 18.0415 114.468 18.0415 114.309 17.8824Z" fill="white"/>
<path d="M132.511 17.9022C132.332 17.763 132.312 17.5045 132.471 17.3255C132.591 17.1863 132.69 17.0869 132.789 17.0869C132.968 17.1068 133.267 17.4051 133.267 17.5443C133.247 17.6636 133.187 17.763 133.088 17.8625C132.949 18.0414 132.69 18.0613 132.511 17.9022Z" fill="white"/>
<path d="M135.754 18.3398C136.291 17.8029 136.49 17.0075 137.524 17.3654C136.908 17.6637 136.709 18.4591 135.754 18.3398Z" fill="white"/>
<path d="M120.735 9.27191C120.576 9.4111 120.337 9.4111 120.178 9.27191C120.079 9.17248 119.999 9.09294 119.999 8.99351C119.979 8.83442 120.258 8.53614 120.417 8.51625C120.496 8.49637 120.596 8.57591 120.735 8.67534C120.914 8.83442 120.914 9.11282 120.735 9.27191Z" fill="white"/>
<path d="M127.339 9.29177C127.16 9.13268 127.16 8.85429 127.339 8.6952C127.459 8.57589 127.558 8.49634 127.638 8.51623C127.817 8.556 128.095 8.85429 128.075 8.99349C128.055 9.09291 127.976 9.19234 127.876 9.29177C127.737 9.43097 127.498 9.43097 127.339 9.29177Z" fill="white"/>
<path d="M148.782 9.27187C148.623 9.43096 148.384 9.43096 148.225 9.27187C148.126 9.17244 148.066 9.0929 148.046 8.99347C148.026 8.83439 148.285 8.5361 148.464 8.51622C148.543 8.49633 148.643 8.59576 148.762 8.71508C148.961 8.85427 148.961 9.11279 148.782 9.27187Z" fill="white"/>
</svg>
