<svg width="161" height="66" viewBox="0 0 161 66" fill="none" xmlns="http://www.w3.org/2000/svg">
<path d="M76.851 30.9005C72.2133 30.9005 67.753 30.9005 63.1152 30.9005C63.1152 20.564 63.1152 10.4048 63.1152 0.118896C67.7276 0.118896 72.2133 0.118896 76.851 0.118896C76.851 10.3794 76.851 20.488 76.851 30.9005Z" fill="white"/>
<path d="M80.2988 17.0679C84.8352 17.0679 89.2449 17.0679 93.8066 17.0679C93.8066 21.7041 93.8066 26.2137 93.8066 30.9006C89.3209 30.9006 84.9112 30.9006 80.2988 30.9006C80.2988 26.315 80.2988 21.7801 80.2988 17.0679Z" fill="white"/>
<path d="M80.2734 0.144287C84.9365 0.144287 89.3461 0.144287 93.8571 0.144287C93.8571 4.72987 93.8571 9.13811 93.8571 13.7744C89.3461 13.7744 84.8858 13.7744 80.2734 13.7744C80.2734 9.23944 80.2734 4.7552 80.2734 0.144287Z" fill="white"/>
<path d="M50.9515 58.6928C52.4214 60.9476 53.8406 63.1264 55.2597 65.3305C55.1077 65.4825 54.9557 65.6345 54.8036 65.7865C51.5851 64.1398 51.7118 58.0088 46.1364 59.1742C46.0351 61.3023 45.9336 63.4811 45.8322 65.6598C45.5281 65.6345 45.2494 65.6092 44.9453 65.6092C44.9453 61.0236 44.9453 56.4633 44.9453 51.8524C48.8481 51.0671 51.8132 51.7511 52.7762 53.8285C53.7646 55.9566 52.7002 57.5021 50.9515 58.6928ZM46.1111 57.8821C47.9864 58.1101 49.8871 58.4394 51.2303 56.818C51.6864 56.2607 51.7625 54.8673 51.3823 54.2339C50.1659 52.1311 48.1131 52.8658 46.1111 52.9925C46.1111 54.6139 46.1111 56.1087 46.1111 57.8821Z" fill="white"/>
<path d="M24.7714 51.8018C27.2296 51.8018 29.6372 51.8018 32.0447 51.8018C32.0701 52.0551 32.0701 52.3338 32.0955 52.5871C30.1187 52.6885 28.142 52.7898 25.9625 52.9165C25.9625 54.4872 25.9625 56.058 25.9625 57.8821C27.9139 57.9834 29.992 58.1101 32.0447 58.2114C32.0447 58.4648 32.0448 58.7181 32.0701 58.9715C31.1071 59.0475 30.1694 59.1741 29.2064 59.1995C28.1673 59.2502 27.1283 59.1995 25.9118 59.1995C25.9118 61.0489 25.9118 62.6957 25.9118 64.7731C28.0913 64.7731 30.2455 64.7731 32.4249 64.7731C32.4249 65.0011 32.4249 65.2291 32.4249 65.4825C29.9414 65.4825 27.4578 65.4825 24.7461 65.4825C24.7714 60.9476 24.7714 56.3873 24.7714 51.8018Z" fill="white"/>
<path d="M11.0615 51.6749C11.0615 56.2858 11.0615 60.8968 11.0615 65.5077C10.8081 65.533 10.5547 65.533 10.3266 65.5583C10.3266 63.5062 10.3266 61.4795 10.3266 59.2753C7.08278 59.2753 4.2697 59.2753 1.02583 59.2753C1.02583 61.3528 1.02583 63.4302 1.02583 65.533C0.74706 65.533 0.493614 65.533 0.214844 65.533C0.214844 60.9221 0.214844 56.3112 0.214844 51.7003C0.417586 51.6749 0.620328 51.6496 0.848412 51.6243C0.975126 53.6764 1.1019 55.7032 1.22862 57.8819C4.16837 57.8819 6.95607 57.8819 10.1746 57.8819C10.1746 55.7792 10.1746 53.7017 10.1746 51.6243C10.4534 51.6496 10.7574 51.6749 11.0615 51.6749Z" fill="white"/>
<path d="M147.658 65.3305C149.762 60.7449 151.865 56.134 154.298 50.8137C156.731 56.1087 158.86 60.7196 160.988 65.3051C160.71 65.4572 160.431 65.6092 160.152 65.7612C159.62 64.7478 158.86 63.7851 158.581 62.721C157.973 60.4156 156.275 60.6436 154.577 60.6689C152.803 60.7196 150.801 60.1369 150.091 62.721C149.812 63.7851 149.027 64.7225 148.494 65.7105C148.19 65.6092 147.912 65.4825 147.658 65.3305ZM151.51 59.7822C153.512 59.7822 155.134 59.7822 157.111 59.7822C156.148 57.7048 155.312 55.8807 154.273 53.6005C153.208 55.9313 152.397 57.7554 151.51 59.7822Z" fill="white"/>
<path d="M91.4496 51.5991C93.553 56.1594 95.6565 60.7449 97.7346 65.3052C97.5065 65.4572 97.2785 65.6092 97.0504 65.7612C96.6196 65.0772 96.0874 64.4438 95.7579 63.7091C94.9976 61.9863 94.4147 60.4156 91.8551 60.6436C89.4982 60.8463 87.1413 60.4156 86.4571 63.6078C86.2797 64.3931 85.5701 65.0265 85.0886 65.7612C84.8605 65.6345 84.6578 65.4825 84.4297 65.3559C86.5078 60.7956 88.5859 56.2607 90.664 51.7005C90.9428 51.6498 91.1962 51.6245 91.4496 51.5991ZM88.2818 59.7316C90.4105 59.7316 92.0578 59.7316 93.9078 59.7316C92.9448 57.6541 92.1339 55.83 91.1202 53.6512C90.1065 55.7793 89.2448 57.6288 88.2818 59.7316Z" fill="white"/>
<path d="M70.06 52.891C67.8298 52.7897 66.2079 52.7137 64.6113 52.6377C64.6113 52.3843 64.6367 52.1056 64.6367 51.8523C68.3621 51.8523 72.0875 51.8523 75.8129 51.8523C75.8382 52.1056 75.8382 52.3337 75.8635 52.587C74.3429 52.6883 72.8224 52.815 70.9217 52.9417C70.9217 57.1472 70.9217 61.3528 70.9217 65.533C70.6176 65.533 70.3388 65.533 70.0347 65.533C70.0601 61.3781 70.06 57.2233 70.06 52.891Z" fill="white"/>
<path d="M110.709 51.751C110.709 55.9059 110.709 60.0354 110.709 64.4943C113.168 64.5957 115.373 64.697 117.552 64.7983C117.552 65.001 117.552 65.1784 117.552 65.3811C115.043 65.3811 112.559 65.3811 109.924 65.3811C109.924 60.8968 109.924 56.3112 109.924 51.751C110.203 51.751 110.456 51.751 110.709 51.751Z" fill="white"/>
<path d="M130.375 51.7004C130.375 55.9313 130.375 60.1369 130.375 64.6971C132.808 64.6971 134.937 64.6971 137.066 64.6971C137.066 64.9251 137.066 65.1532 137.066 65.3812C134.582 65.3812 132.099 65.3812 129.539 65.3812C129.539 60.8463 129.539 56.2607 129.539 51.7004C129.843 51.7004 130.097 51.7004 130.375 51.7004Z" fill="white"/>
</svg>
