<svg width="173" height="50" viewBox="0 0 173 50" fill="none" xmlns="http://www.w3.org/2000/svg">
<path d="M17.5403 0.642578C15.7907 1.26868 13.9367 1.71218 12.2654 2.5209C6.6249 5.28619 2.89062 9.695 1.19325 15.7995C1.16713 15.93 1.11494 16.0343 0.984375 16.1648V0.642578H17.5403Z" fill="white"/>
<path d="M43.1324 0.642578V16.1387C42.6363 14.8343 42.2184 13.4777 41.6178 12.2255C38.5886 6.12098 33.6532 2.41653 27.0726 0.773005C26.942 0.746917 26.8376 0.668666 26.707 0.642578H43.1324Z" fill="white"/>
<path d="M166.936 38.2088C166.779 38.261 166.727 38.261 166.701 38.2871C162.288 43.2698 154.584 42.1481 151.895 36.0175C150.224 32.2347 150.119 28.2955 151.79 24.4606C153.932 19.5561 159.102 18.3561 163.097 19.6605C164.351 20.0779 165.395 20.8605 166.231 21.904C166.362 22.0605 166.518 22.2432 166.779 22.5562V12.4081H172.681V40.8176H170.018C169.208 40.8176 168.398 40.7915 167.589 40.8176C167.067 40.8437 166.91 40.635 166.936 40.1654C166.962 39.5132 166.936 38.8871 166.936 38.2088ZM167.119 30.9304C166.988 29.7825 166.936 28.9999 166.806 28.2433C166.727 27.7998 166.597 27.3824 166.44 26.965C165.683 24.9824 164.168 23.9389 162.053 23.9128C159.807 23.8867 158.162 24.8519 157.379 26.8607C156.465 29.2086 156.465 31.5825 157.431 33.9304C158.214 35.8087 159.624 36.8784 161.74 36.8784C163.985 36.8784 165.683 35.8088 166.414 33.8261C166.832 32.7826 166.962 31.6869 167.119 30.9304Z" fill="white"/>
<path d="M90.7109 12.3821H96.5604V22.3476C96.6126 22.3737 96.6649 22.3737 96.7171 22.3997C96.926 22.165 97.1088 21.9562 97.3177 21.7215C98.6495 20.1562 100.399 19.3736 102.41 19.217C107.946 18.7736 111.915 22.3997 112.568 27.9825C112.907 30.7739 112.62 33.487 111.497 36.0697C109.121 41.4698 103.428 42.2003 99.5896 40.6872C98.3622 40.1916 97.396 39.3307 96.5081 38.2611V40.7916H90.7371V12.3821H90.7109ZM102.41 36.8523C103.663 36.8523 105.047 35.861 105.857 34.0609C106.797 31.9739 106.849 29.8087 106.275 27.6173C105.622 25.139 103.872 23.8607 101.365 23.8867C98.9628 23.9128 97.2394 25.2433 96.7171 27.7477C96.4298 29.1304 96.3515 30.5913 96.4559 32C96.691 35.0001 98.7539 36.8262 102.41 36.8523Z" fill="white"/>
<path d="M65.7455 31.713H50.1819C49.7119 33.8261 51.3832 36.2262 53.6551 36.774C54.9346 37.087 56.188 37.061 57.4153 36.5653C58.1465 36.2522 58.7471 35.7566 59.1388 35.0261C59.2172 34.8696 59.4261 34.687 59.5567 34.687C61.3063 34.6609 63.0559 34.6609 64.8055 34.6609C64.9622 34.6609 65.0928 34.687 65.3278 34.7131C64.6749 36.774 63.5259 38.3914 61.7502 39.5654C59.5044 41.0524 56.9976 41.548 54.3601 41.2872C52.9239 41.1567 51.4615 40.8959 50.1036 40.4263C47.5706 39.5915 45.8732 37.7653 44.9854 35.2609C43.8886 32.1826 43.758 29.026 44.7242 25.8954C45.8993 22.1649 48.5107 20.0257 52.3232 19.3735C54.4384 19.0083 56.5797 19.0344 58.6427 19.6605C62.403 20.7822 64.4921 23.4171 65.2233 27.1476C65.5628 28.6085 65.5889 30.1216 65.7455 31.713ZM59.4783 28.165C59.6089 25.6606 57.4414 23.5997 54.804 23.6519C52.1665 23.7041 50.1036 25.7389 50.3125 28.165H59.4783Z" fill="white"/>
<path d="M138.29 30.2782C138.29 34.2436 136.932 37.5567 133.38 39.6698C131.056 41.0525 128.497 41.4699 125.807 41.3133C123.979 41.209 122.23 40.7916 120.585 39.9307C117.529 38.3132 115.832 35.7306 115.31 32.3652C114.97 30.0956 115.101 27.8521 115.963 25.6868C117.477 21.9302 120.428 20.0258 124.267 19.3736C126.852 18.9301 129.411 19.0866 131.866 20.104C135.913 21.7476 137.95 24.852 138.29 29.1565C138.316 29.5217 138.29 29.913 138.29 30.2782ZM121.107 30.6695C121.133 30.6695 121.159 30.6956 121.212 30.6956C121.29 31.2956 121.342 31.8957 121.447 32.4957C121.969 35.1305 123.771 36.6697 126.33 36.7219C129.411 36.8001 131.265 35.5218 131.944 32.8087C132.336 31.2174 132.362 29.626 131.996 28.0347C131.422 25.4781 129.986 24.1215 127.427 23.8607C124.659 23.5737 122.439 24.6433 121.629 27.4869C121.342 28.4782 121.29 29.5739 121.107 30.6695Z" fill="white"/>
<path d="M77.3409 35.2088C77.4193 34.9479 77.5238 34.6609 77.6021 34.4C79.0122 29.7303 80.3962 25.0607 81.7803 20.391C81.9369 19.8953 82.1458 19.7388 82.6681 19.7388C84.4699 19.7649 86.2979 19.7648 88.1781 19.7648C88.152 19.9475 88.1258 20.0518 88.0997 20.1823C85.1227 28.0868 82.172 35.9653 79.1689 43.8438C78.725 45.0177 78.1244 46.1134 77.4716 47.183C76.5837 48.5918 75.2257 49.1657 73.5806 49.1918C72.0921 49.1918 70.6298 49.1918 69.0891 49.1918V44.9917C69.9769 44.9395 70.8648 44.9656 71.7004 44.809C73.4239 44.5221 74.4685 42.5916 73.8417 40.9742C71.2565 34.1914 68.6713 27.4346 66.1122 20.6518C66.0077 20.391 65.9294 20.104 65.7988 19.7648C67.9401 19.7648 70.0031 19.7388 72.066 19.7909C72.2488 19.7909 72.4839 20.1823 72.5883 20.4431C74.0507 25.0607 75.4869 29.7043 76.9493 34.3479C77.0537 34.6348 77.1582 34.9479 77.2365 35.2348C77.2365 35.2088 77.2887 35.2088 77.3409 35.2088Z" fill="white"/>
<path d="M26.602 35.7045H41.8522V40.7655H20.3086V12.3821H26.602V35.7045Z" fill="white"/>
<path d="M147.142 12.4081H141.318V40.7654H147.142V12.4081Z" fill="white"/>
<path d="M1.03711 25.2954C3.41344 33.5913 8.92344 38.6001 17.097 40.8698H1.03711V25.2954Z" fill="white"/>
</svg>
