<svg width="173" height="25" viewBox="0 0 173 25" fill="none" xmlns="http://www.w3.org/2000/svg">
<path d="M12.5498 16.1787C15.1348 11.3651 17.6691 6.75425 20.102 2.06733C20.6849 0.952604 21.3185 0.395236 22.5856 0.597914C23.1432 0.699253 23.726 0.623235 24.3596 0.623235C24.3596 5.84218 24.3596 11.0105 24.3596 16.2294C23.2698 16.2294 22.1548 16.2294 20.989 16.2294C20.989 13.4426 20.989 10.6558 20.989 7.89432C20.9383 7.86898 20.8877 7.84365 20.837 7.81832C20.7103 7.97032 20.5835 8.12234 20.4821 8.29968C19.1643 10.7571 17.8211 13.1893 16.5287 15.6467C16.2752 16.1281 15.9965 16.2801 15.4643 16.2801C13.5383 16.2548 11.6122 16.2548 9.68617 16.2801C9.10329 16.2801 8.77383 16.1281 8.49506 15.5707C7.27861 13.2399 6.01147 10.9091 4.76968 8.60369C4.64296 8.35034 4.49088 8.12232 4.18676 7.91964C4.18676 10.6811 4.18676 13.4173 4.18676 16.2294C2.97031 16.2294 1.85522 16.2294 0.689453 16.2294C0.689453 11.0358 0.689453 5.89285 0.689453 0.623235C1.75385 0.623235 2.84358 0.597925 3.93332 0.648594C4.13606 0.673929 4.38947 1.02861 4.54152 1.28196C7.05045 5.89288 9.50873 10.5291 12.0177 15.14C12.1444 15.4187 12.2964 15.7227 12.5498 16.1787Z" fill="white"/>
<path d="M46.2802 13.9239C42.0733 13.9239 37.9171 13.9239 33.6848 13.9239C33.6848 14.7092 33.6848 15.4186 33.6848 16.204C32.4937 16.204 31.404 16.204 30.2129 16.204C30.2129 11.0611 30.2129 5.89277 30.2129 0.673828C35.991 0.673828 41.7945 0.673828 47.6487 0.673828C47.6487 1.66188 47.6487 2.67528 47.6487 3.81534C43.0363 3.81534 38.424 3.81534 33.7356 3.81534C33.7356 6.1208 33.7356 8.32491 33.7356 10.6557C37.9171 10.6557 42.0733 10.6557 46.2802 10.6557C46.2802 11.7451 46.2802 12.7585 46.2802 13.9239Z" fill="white"/>
<path d="M171.83 3.51141C171.145 4.39813 170.512 5.23421 169.827 6.12092C168.332 4.85419 166.736 3.84077 164.835 3.43541C163.618 3.15673 162.351 3.03008 161.186 3.53677C160.425 3.86612 159.64 4.34748 159.108 4.95551C157.866 6.39959 158.22 8.3757 159.944 9.23708C161.135 9.84511 162.478 10.1491 163.745 10.5798C165.519 11.1625 167.344 11.6185 169.042 12.3532C170.689 13.0373 171.855 14.304 172.311 16.2548C170.993 16.2548 169.751 16.2548 168.51 16.2548C168.383 16.2548 168.231 16.1788 168.13 16.1028C166.786 14.9627 165.088 14.6587 163.466 14.1773C161.87 13.7213 160.248 13.3159 158.702 12.7079C156.573 11.8719 155.103 10.3771 154.875 7.94498C154.622 5.36084 155.534 3.23276 157.663 1.76335C160.603 -0.28876 163.821 -0.212779 167.09 0.749939C168.839 1.25663 170.36 2.24468 171.83 3.51141Z" fill="white"/>
<path d="M77.7812 16.2801C78.6936 14.1519 79.5552 12.1505 80.4168 10.1491C81.684 7.21024 82.9765 4.2714 84.2183 1.30724C84.4463 0.775212 84.6998 0.547217 85.2827 0.572552C86.3217 0.648556 87.5889 0.268529 88.3238 0.724554C89.0588 1.18058 89.2615 2.47264 89.667 3.41002C91.3903 7.38757 93.0882 11.3398 94.7862 15.3173C94.8876 15.5707 94.9889 15.8494 95.141 16.2294C93.8738 16.2294 92.7081 16.2547 91.5677 16.2041C91.365 16.2041 91.1115 15.824 91.0102 15.5707C89.5149 12.1505 88.0704 8.73033 86.5244 5.1328C86.347 5.51282 86.195 5.76613 86.0937 6.04482C84.7252 9.21165 83.3566 12.3532 82.0134 15.52C81.7854 16.1027 81.4813 16.3054 80.8731 16.2547C79.8847 16.2547 78.9217 16.2801 77.7812 16.2801Z" fill="white"/>
<path d="M117.95 16.2802C116.607 16.2802 115.314 16.3055 114.022 16.2549C113.743 16.2549 113.439 15.9255 113.261 15.6721C111.107 12.86 108.979 10.0478 106.85 7.26103C106.672 7.03302 106.495 6.83035 106.191 6.47566C106.191 9.81984 106.191 12.9867 106.191 16.2295C105.025 16.2295 103.91 16.2295 102.744 16.2295C102.744 11.0866 102.744 5.91829 102.744 0.648675C103.783 0.648675 104.848 0.623326 105.912 0.673995C106.089 0.673995 106.343 0.851351 106.444 1.00336C110.271 6.01963 114.072 11.0612 117.899 16.0775C117.899 16.0775 117.899 16.1028 117.95 16.2802Z" fill="white"/>
<path d="M55.5063 16.2802C54.3659 16.2802 53.3015 16.3309 52.2624 16.2548C52.0343 16.2295 51.6795 15.8495 51.6035 15.5708C50.1336 10.3772 52.5665 4.70221 57.407 1.86472C61.994 -0.820756 67.7215 -0.263371 71.7256 3.23282C71.9284 3.41016 72.1565 3.58748 72.3592 3.76482C71.5229 4.6262 70.788 5.4369 70.0277 6.24761C65.9475 3.00477 62.577 2.54876 59.105 4.75287C55.3543 7.13434 54.1378 10.9092 55.5063 16.2802Z" fill="white"/>
<path d="M0.740698 24.2858C0.740698 23.3231 0.71538 22.411 0.766066 21.499C0.766066 21.3217 1.07021 21.119 1.27295 20.9923C1.39967 20.9163 1.60236 20.967 1.77976 20.967C8.9771 20.967 16.1491 20.967 23.3465 20.967C23.6506 20.967 23.9547 20.967 24.3349 20.967C24.3349 22.1071 24.3349 23.1457 24.3349 24.2605C16.504 24.2858 8.69832 24.2858 0.740698 24.2858Z" fill="white"/>
<path d="M30.1621 24.3873C30.1621 22.8672 30.1621 21.3978 30.1621 19.9031C31.3025 19.9031 32.4176 19.9031 33.5074 19.9031C33.8115 21.1951 33.8115 21.1952 35.2307 21.1952C39.0067 21.1952 42.7828 21.1952 46.5335 21.1952C46.863 21.1952 47.2177 21.1952 47.6232 21.1952C47.6232 22.2846 47.6232 23.2979 47.6232 24.3873C41.8451 24.3873 36.0416 24.3873 30.1621 24.3873Z" fill="white"/>
<path d="M146.232 0.673828C147.525 0.673828 148.64 0.673828 149.755 0.673828C149.755 5.86744 149.755 11.0104 149.755 16.2293C148.513 16.2293 147.348 16.2293 146.232 16.2293C146.232 11.0357 146.232 5.89277 146.232 0.673828Z" fill="white"/>
<path d="M72.3594 21.1444C66.8093 26.7687 58.0914 25.6793 53.7324 19.8016C55.7345 20.1056 57.6353 19.3709 59.4853 20.4857C62.273 22.1578 65.1874 22.0311 68.0004 20.359C69.6477 19.3963 71.0669 19.6243 72.3594 21.1444Z" fill="white"/>
<path d="M172.134 19.8522C171.5 21.803 170.284 23.0444 168.56 23.8804C164.227 25.9579 157.308 24.6405 153.963 21.043C154.343 20.2829 154.825 19.8015 155.838 19.8269C157.004 19.8776 158.043 20.0042 159.107 20.6123C161.034 21.7016 163.188 22.107 165.367 21.6003C166.33 21.3723 167.166 20.7136 168.079 20.2322C168.307 20.1056 168.56 19.9029 168.814 19.9029C169.878 19.8269 170.942 19.8522 172.134 19.8522Z" fill="white"/>
<path d="M132.776 16.28C131.838 16.28 130.824 16.3054 129.836 16.2547C129.658 16.2547 129.405 15.9507 129.354 15.748C129.253 15.368 129.278 14.9626 129.278 14.5573C129.278 10.1237 129.278 5.69012 129.278 1.25655C129.278 1.0792 129.304 0.927231 129.329 0.699219C130.444 0.699219 131.559 0.699219 132.801 0.699219C132.776 5.81683 132.776 10.9851 132.776 16.28Z" fill="white"/>
<path d="M123.4 0.673828C123.4 5.86744 123.4 11.0104 123.4 16.2293C122.285 16.2293 121.17 16.2293 120.004 16.2293C120.004 11.0611 120.004 5.89277 120.004 0.673828C121.119 0.673828 122.209 0.673828 123.4 0.673828Z" fill="white"/>
<path d="M130.672 19.8522C132.066 19.8522 133.358 19.8269 134.625 19.8776C134.879 19.8776 135.132 20.1056 135.36 20.2576C137.819 22.1577 141.24 22.1577 143.698 20.2576C143.977 20.0296 144.408 19.8776 144.762 19.8522C145.928 19.8016 147.119 19.8269 148.31 19.8269C147.626 22.183 143.951 24.5645 140.657 24.8178C136.298 25.1725 132.294 23.2218 130.672 19.8522Z" fill="white"/>
<path d="M123.399 19.9031C123.399 21.4232 123.399 22.9179 123.399 24.4633C122.335 24.4633 121.296 24.4633 120.282 24.4633C120.104 24.4633 119.876 24.362 119.775 24.21C118.685 22.8166 117.621 21.3978 116.48 19.9031C118.837 19.9031 121.068 19.9031 123.399 19.9031Z" fill="white"/>
<path d="M98.7154 24.4632C97.4483 24.4632 96.3332 24.4885 95.2182 24.4379C95.0408 24.4379 94.7619 24.2859 94.6859 24.1339C94.0777 22.7658 93.4695 21.3724 92.8359 19.8523C94.1284 19.8523 95.2942 19.8523 96.4599 19.8776C96.612 19.8776 96.8147 20.055 96.8907 20.207C97.4736 21.5497 98.0565 22.9178 98.7154 24.4632Z" fill="white"/>
<path d="M80.1393 19.8523C79.4804 21.3724 78.9229 22.7404 78.3146 24.0832C78.2386 24.2605 77.9852 24.4379 77.8331 24.4379C76.6927 24.4632 75.5523 24.4632 74.2852 24.4632C74.9441 22.9178 75.5523 21.499 76.1859 20.1056C76.2365 19.9789 76.5153 19.8523 76.6674 19.8523C77.7571 19.8523 78.8722 19.8523 80.1393 19.8523Z" fill="white"/>
<path d="M106.115 24.4126C105 24.4126 103.885 24.4126 102.719 24.4126C102.719 22.9179 102.719 21.4485 102.719 19.9031C103.859 19.9031 104.949 19.9031 106.115 19.9031C106.115 21.3978 106.115 22.8672 106.115 24.4126Z" fill="white"/>
</svg>
