<svg width="187" height="71" viewBox="0 0 187 71" fill="none" xmlns="http://www.w3.org/2000/svg">
<path d="M0.246094 15.4307C12.4795 15.4307 24.335 15.4307 36.5088 15.4307C36.5088 27.5012 36.5088 39.4724 36.5088 51.7219C24.3151 51.7219 12.4199 51.7219 0.246094 51.7219C0.246094 39.7309 0.246094 27.7598 0.246094 15.4307ZM31.7944 19.7657C22.7437 19.7657 13.9714 19.7657 5.0201 19.7657C5.0201 22.2117 5.0201 24.419 5.0201 26.7854C7.86463 26.9643 10.3909 27.1035 13.3746 27.2825C13.3746 32.2142 13.3746 36.9072 13.3746 41.6002C13.3746 50.2703 13.5537 50.4095 23.0023 48.759C23.0023 44.2847 22.9824 39.7508 23.0023 35.197C23.0222 27.6007 23.042 27.6007 30.4816 26.9246C30.8595 26.8848 31.2176 26.686 31.7745 26.4871C31.7944 24.3792 31.7944 22.2515 31.7944 19.7657Z" fill="white"/>
<path d="M40.0098 0.118652C41.5414 0.118652 42.715 0.118652 44.1473 0.118652C44.1473 23.7428 44.1473 47.2078 44.1473 70.9911C42.8145 70.9911 41.5613 70.9911 40.0098 70.9911C40.0098 47.4266 40.0098 23.9615 40.0098 0.118652Z" fill="white"/>
<path d="M0.207031 59.3777C0.207031 58.0653 0.207031 57.0113 0.207031 55.8182C0.764001 55.6591 1.26129 55.3807 1.75859 55.3807C12.2217 55.3409 22.7046 55.4006 33.1677 55.3011C36.2111 55.2614 36.6288 56.6136 35.8133 59.3777C24.1169 59.3777 12.3808 59.3777 0.207031 59.3777Z" fill="white"/>
<path d="M63.7407 44.8414C60.4784 44.8414 57.4946 44.8414 54.5308 44.8414C54.3517 45.2988 54.1727 45.7561 54.0136 46.2334C55.3662 46.7902 56.7387 47.8044 58.0715 47.7646C59.6827 47.7049 61.2741 46.7703 63.303 46.0544C62.7063 50.4889 59.7623 52.398 55.6248 51.9008C51.6465 51.4434 48.8417 47.6254 49.2793 43.35C49.8164 38.299 52.9593 35.3559 57.4946 35.6343C61.7714 35.9127 63.9992 38.995 63.7407 44.8414Z" fill="white"/>
<path d="M87.6115 51.1454C85.8809 51.1454 84.6874 51.1454 83.0364 51.1454C83.0364 46.6712 82.9767 42.3759 83.0961 38.0806C83.116 37.3846 83.9514 36.1914 84.5283 36.1318C87.3728 35.8136 90.2571 35.5949 93.1016 35.7142C96.1053 35.8534 97.2789 38.0806 97.3983 40.7253C97.5574 44.0661 97.4381 47.4268 97.4381 51.046C95.5483 51.046 94.2951 51.046 92.8231 51.046C92.8231 48.7393 92.9823 46.5916 92.7834 44.4837C92.6043 42.4355 93.7779 39.214 90.2372 39.2936C89.3222 39.3135 88.1088 42.4156 87.711 44.265C87.2734 46.3331 87.6115 48.5404 87.6115 51.1454Z" fill="white"/>
<path d="M99.8842 43.8073C100.023 38.6569 103.166 35.4951 108.02 35.6343C112.774 35.7735 116.215 39.4126 116.016 44.0857C115.818 48.6594 111.998 52.0797 107.264 51.8809C102.808 51.7019 99.7649 48.3412 99.8842 43.8073ZM112.874 43.5687C110.646 41.6199 109.293 40.4267 107.94 39.2535C106.826 40.6853 104.877 42.0971 104.837 43.5687C104.798 45.0402 106.647 46.5714 107.682 48.0628C109.114 46.81 110.546 45.5771 112.874 43.5687Z" fill="white"/>
<path d="M173.365 41.4409C174.877 36.1911 177.543 34.8189 182.535 35.5348C186.255 36.0518 186.951 38.5972 186.931 41.6994C186.912 44.7817 186.931 47.8639 186.931 50.9064C184.206 51.1848 181.282 51.6621 178.358 51.7217C175.712 51.7814 173.385 50.7474 172.987 47.8043C172.609 44.8811 174.42 43.3499 177.145 42.7732C179.134 42.3556 181.103 41.9181 183.053 41.4806C182.933 38.5972 181.66 37.4439 179.233 38.2791C177.443 38.8557 175.852 40.0489 173.365 41.4409ZM183.192 43.4692C180.487 44.8413 178.378 45.9151 176.25 47.0088C177.184 47.7844 178.119 49.1963 179.074 49.2161C181.839 49.2957 183.789 48.0429 183.192 43.4692Z" fill="white"/>
<path d="M80.3515 46.5316C79.3569 50.2701 76.4726 52.2189 72.6136 51.8013C68.5159 51.3439 66.3278 48.9179 65.9499 44.4436C65.5918 40.0886 67.5611 36.7876 71.0621 35.853C75.3587 34.7195 78.5612 36.1712 80.8488 41.4806C78.3424 40.7051 76.7909 40.0488 75.1797 39.7903C74.0458 39.5915 71.798 39.7903 71.7782 40.0091C71.4997 42.3755 71.4798 44.7816 71.6787 47.1679C71.6986 47.3071 74.2447 47.506 75.478 47.1878C76.95 46.81 78.2828 45.8952 79.6752 45.1992C79.894 45.6367 80.1128 46.0742 80.3515 46.5316Z" fill="white"/>
<path d="M137.878 44.6029C141.001 52.1794 145.317 47.2875 149.057 45.9551C148.063 51.1652 143.507 53.1736 139.032 51.0459C135.73 49.4749 134.238 45.8159 135.193 41.3019C135.948 37.7623 138.077 35.555 141.876 35.3362C145.437 35.1175 148.44 37.4043 149.475 40.8644C150.211 43.37 149.714 44.8415 146.73 44.6427C145.377 44.5631 144.025 44.6228 142.652 44.6228C141.339 44.6029 140.006 44.6029 137.878 44.6029ZM145.934 41.7394C146.153 41.2224 146.352 40.6854 146.571 40.1684C144.959 39.5122 143.348 38.3389 141.757 38.3787C140.543 38.3986 139.37 39.9696 138.176 40.8445C138.395 41.1428 138.614 41.4411 138.833 41.7593C141.2 41.7394 143.567 41.7394 145.934 41.7394Z" fill="white"/>
<path d="M129.345 36.4499C129.345 34.7397 129.206 33.3676 129.405 32.0751C129.524 31.3393 130.22 30.703 130.638 30.0269C131.116 30.6632 132.011 31.2995 132.011 31.9558C132.11 38.2794 132.07 44.603 132.07 51.1255C127.416 50.9465 122.304 53.9691 119.479 48.0035C117.888 44.6428 117.649 41.1628 119.936 38.0209C122.224 34.8193 125.506 35.2568 129.345 36.4499ZM130.877 43.7281C128.729 41.4014 127.456 38.7566 125.725 38.4385C122.343 37.822 121.548 40.9838 121.568 43.5888C121.568 46.174 122.363 49.3756 125.586 49.0176C127.257 48.8387 128.629 46.0746 130.877 43.7281Z" fill="white"/>
<path d="M160.316 40.3076C163.319 41.2422 165.487 41.5604 167.238 42.5944C168.789 43.5092 171.077 45.4182 170.878 46.5318C170.56 48.3812 168.869 50.6481 167.158 51.4435C164.155 52.8554 160.972 52.0799 158.824 49.2164C158.386 48.6198 158.585 47.546 158.485 46.6909C159.381 46.8897 160.315 47.0091 161.191 47.3074C162.842 47.8642 164.413 48.6993 166.084 49.0573C166.502 49.1567 167.496 47.9238 167.695 47.188C167.815 46.7505 166.939 45.7761 166.323 45.5176C164.692 44.8614 162.742 44.8018 161.33 43.887C160.017 43.0319 158.426 41.4013 158.426 40.1087C158.426 38.7963 160.097 36.4697 161.231 36.3305C163.856 36.0123 166.641 36.6288 169.287 37.2054C169.704 37.285 169.704 39.1741 169.903 40.2082C168.988 39.9695 167.755 40.0292 167.238 39.4326C165.209 37.1657 163.419 37.7026 160.316 40.3076Z" fill="white"/>
<path d="M152.279 51.0061C152.279 44.6825 152.24 38.3588 152.339 32.0153C152.359 31.3392 153.234 30.6829 153.712 30.0068C154.249 30.7625 155.223 31.4983 155.243 32.2539C155.382 37.7821 155.402 43.3302 155.243 48.8584C155.223 49.7732 154.149 50.668 153.552 51.5828C153.135 51.4038 152.697 51.2049 152.279 51.0061Z" fill="white"/>
</svg>
