<svg width="159" height="24" viewBox="0 0 159 24" fill="none" xmlns="http://www.w3.org/2000/svg">
<path d="M114.034 1.26681C118.443 1.26681 122.599 1.21615 126.73 1.31749C127.668 1.34283 128.631 1.74819 129.493 2.15354C132.103 3.42028 132.838 6.25777 131.039 8.5379C130.152 9.65262 128.834 10.4633 127.693 11.426C127.668 11.4007 127.769 11.5274 127.896 11.6034C131.267 13.8582 131.545 18.1397 128.276 20.5719C126.832 21.6359 124.982 22.5733 123.233 22.7C118.899 23.004 114.54 22.8013 110.08 22.8013C110.334 22.5986 110.587 22.3706 110.84 22.1933C112.741 20.9772 114.642 19.7612 116.593 18.6211C117.252 18.2411 118.063 18.0637 118.849 17.937C119.71 17.785 120.648 17.937 121.484 17.7344C122.498 17.5063 123.233 16.8477 123.157 15.6823C123.081 14.5169 122.118 14.3902 121.231 14.2382C120.825 14.1622 120.42 14.1622 120.014 14.2128C117.81 14.5169 116.492 13.0221 114.692 11.7807C116.771 10.894 118.418 9.57661 120.597 9.60195C121.332 9.60195 122.067 9.62729 122.751 9.44995C123.714 9.22193 124.247 8.51257 124.221 7.47384C124.196 6.51112 123.436 5.97907 122.675 6.10575C119.71 6.58711 117.987 4.61101 116.086 2.98959C115.478 2.50823 114.819 1.92551 114.034 1.26681Z" fill="white"/>
<path d="M153.341 12.11C152.201 12.11 151.085 12.0846 149.945 12.11C149.21 12.1353 148.881 11.8566 148.779 11.0966C148.475 8.81647 147.614 7.80308 146.042 7.65108C144.015 7.47373 142.494 8.46178 141.937 10.6152C141.607 11.8566 141.05 12.186 139.859 12.1353C137.882 12.034 135.905 12.11 133.928 12.11C132.535 12.11 132.281 11.7806 132.585 10.4379C133.32 7.04306 135.069 4.3069 138.135 2.58414C142.545 0.101338 147.208 -0.202659 151.922 1.49477C155.977 2.96418 158.207 6.68835 158.029 10.9699C158.004 11.7806 157.725 12.1606 156.889 12.11C155.698 12.0846 154.532 12.11 153.341 12.11Z" fill="white"/>
<path d="M137.021 13.326C138.187 13.326 139.378 13.25 140.544 13.3767C140.974 13.4273 141.583 13.8327 141.735 14.2127C142.267 15.4795 142.9 16.4928 144.446 16.5942C146.195 16.7209 147.437 15.9608 148.146 14.4154C148.526 13.6047 149.008 13.2753 149.895 13.3007C152.074 13.3513 154.254 13.3007 156.433 13.326C157.726 13.326 157.878 13.554 157.472 14.7701C155.775 19.9637 151.948 22.5732 146.752 23.3332C143.027 23.8906 139.378 23.5612 136.21 21.2558C133.929 19.609 132.713 17.3036 132.434 14.4914C132.358 13.6807 132.637 13.2753 133.498 13.3007C134.664 13.3513 135.855 13.326 137.021 13.326Z" fill="white"/>
<path d="M106.179 1.06407C107.015 1.06407 107.877 1.06407 108.713 1.06407C109.473 1.06407 109.727 1.41879 109.575 2.12816C108.688 6.35905 107.978 10.6153 106.914 14.7955C105.672 19.7358 101.389 23.004 96.3203 23.308C95.2812 23.3586 95.0025 23.0293 95.2306 22.0666C95.4333 21.2052 95.5854 20.3185 95.7374 19.4571C95.9402 18.3424 96.2949 17.5063 97.5621 17.0756C99.0066 16.5943 99.7162 15.2769 100.02 13.8328C100.781 10.2099 101.516 6.56173 102.2 2.91353C102.555 1.0641 102.529 1.01343 104.43 1.01343C105.064 1.03876 105.621 1.06407 106.179 1.06407Z" fill="white"/>
<path d="M92.0617 1.06415C92.7459 1.06415 93.4302 1.06415 94.1144 1.06415C95.559 1.08948 95.635 1.16552 95.3309 2.63493C94.5706 6.35913 93.8357 10.058 93.0754 13.7822C92.8219 15.0742 93.1514 16.1383 94.1651 17.0504C94.5199 17.3544 94.7987 17.9877 94.748 18.4438C94.5453 19.7865 94.1651 21.1293 93.8864 22.472C93.7343 23.2067 93.3035 23.3333 92.6446 23.232C87.8295 22.624 85.0418 18.8998 85.9034 14.1369C86.613 10.21 87.4746 6.30844 88.2349 2.38156C88.4123 1.41885 88.8432 0.962811 89.8569 1.06415C90.6172 1.11482 91.3521 1.06415 92.0617 1.06415Z" fill="white"/>
<path d="M45.913 12.6673C46.2678 12.6673 46.6479 12.6673 47.0027 12.6673C49.1315 12.6673 49.1315 12.6673 49.8918 14.6434C50.6774 16.6955 52.6541 17.8356 54.7322 17.2275C55.974 16.8475 57.1905 16.2141 58.3056 15.5301C59.0152 15.0741 59.4207 15.1247 59.9022 15.7581C60.6371 16.7208 61.4734 17.6075 62.183 18.5703C62.3604 18.8236 62.3604 19.4823 62.183 19.6597C58.4323 23.0292 52.0712 25.284 46.6479 21.8638C43.7081 20.0144 42.4157 17.2022 42.1116 13.8327C42.0356 12.9966 42.3904 12.6419 43.2267 12.6673C44.139 12.6926 45.026 12.6926 45.913 12.6673Z" fill="white"/>
<path d="M59.7748 9.29782C59.1159 8.66445 58.6597 8.15777 58.1275 7.72708C55.1877 5.39629 51.3356 6.38433 50.0432 9.93118C49.587 11.1979 48.9534 11.6033 47.6863 11.502C46.3685 11.4006 45.0254 11.5019 43.6822 11.4766C42.3644 11.4513 42.2123 11.2233 42.5671 9.93118C43.9103 4.76291 48.8521 0.861383 54.3008 0.608036C57.7474 0.456027 60.7378 1.41875 63.3735 3.62287C64.1338 4.25624 64.2098 4.73759 63.4495 5.47229C62.1824 6.66302 61.0166 7.95508 59.7748 9.29782Z" fill="white"/>
<path d="M76.5524 3.09082C77.3887 4.48423 78.1996 5.64965 78.8078 6.91638C79.0359 7.39774 78.9599 8.10708 78.8332 8.66445C77.9716 13.0473 77.0086 17.4049 76.1723 21.7878C75.9949 22.7252 75.5894 23.0799 74.6517 23.0293C73.0804 22.9786 71.5091 23.0039 69.9379 23.0293C69.1523 23.0293 68.8482 22.7759 69.0256 21.9398C69.9886 17.2783 70.9262 12.642 71.9146 7.98044C72.016 7.52441 72.3708 7.04305 72.7256 6.7137C73.8914 5.54831 75.1332 4.43356 76.5524 3.09082Z" fill="white"/>
<path d="M10.9396 3.11621C12.2827 5.32033 13.854 6.99239 13.043 9.85521C11.928 13.8074 11.3197 17.8863 10.5594 21.9145C10.4074 22.7506 10.0526 23.0799 9.1909 23.0546C7.56896 23.0039 5.97236 23.0293 4.35043 23.0546C3.53946 23.0546 3.2607 22.7252 3.41276 21.9399C4.35044 17.2783 5.31345 12.6167 6.25113 7.95511C6.30182 7.75243 6.35257 7.54975 6.47929 7.39774C7.92382 6.00433 9.36831 4.61096 10.9396 3.11621Z" fill="white"/>
<path d="M108.789 21.8892C110.132 15.2769 111.45 8.68984 112.819 1.90015C113.199 2.12816 113.477 2.22951 113.706 2.43219C115.15 3.59759 116.569 4.7883 117.988 5.97903C119.256 7.01776 119.027 8.61385 117.532 9.34855C116.544 9.82991 115.556 10.2606 114.567 10.742C113.275 11.3753 113.224 12.1101 114.415 12.9714C115.049 13.4275 115.682 13.8328 116.316 14.2382C117.406 14.9729 117.482 16.7716 116.367 17.481C113.984 19.0518 111.526 20.5465 109.093 22.0413C109.017 21.9906 108.916 21.9399 108.789 21.8892Z" fill="white"/>
<path d="M19.0488 21.8891C20.392 15.2514 21.7351 8.61377 23.1543 1.64673C24.4975 2.81212 25.5619 3.74949 26.6517 4.7122C27.2599 5.24423 27.8681 5.77627 28.4763 6.3083C29.414 7.16968 29.3126 8.36041 28.1975 8.99377C26.9304 9.70315 25.6126 10.3365 24.3455 11.0206C23.0023 11.7553 22.9769 12.3126 24.2441 13.1993C25.0043 13.7314 25.8153 14.2127 26.5756 14.7194C27.6654 15.4541 27.7414 16.5182 26.6517 17.2529C24.2694 18.8996 21.8365 20.4704 19.4036 22.0665C19.3022 22.0158 19.1755 21.9651 19.0488 21.8891Z" fill="white"/>
<path d="M16.7181 6.61237C14.8427 7.27107 13.8037 5.97901 12.8406 4.20559C11.3201 1.39343 11.2441 1.41877 8.93791 3.57222C8.73517 3.7749 8.48174 3.92689 8.30434 4.1549C6.55569 6.61237 4.0721 6.89105 1.33509 6.61237C0.52412 6.53637 0.143941 6.35905 0.346683 5.447C0.625453 4.2816 0.777479 3.06551 1.10693 1.90012C1.20831 1.54543 1.7912 1.06407 2.146 1.06407C8.12688 1.0134 14.0824 1.03876 20.0633 1.01343C20.8743 1.01343 21.1531 1.34277 20.9503 2.15348C20.6969 3.21754 20.4435 4.28158 20.2914 5.34564C20.1394 6.28302 19.6832 6.66306 18.7455 6.58705C18.2133 6.58705 17.6304 6.61237 16.7181 6.61237Z" fill="white"/>
<path d="M65.7051 6.61244C66.0852 4.78834 66.3893 3.2176 66.7948 1.67219C66.8708 1.3935 67.4537 1.08947 67.8085 1.06414C73.7894 1.0388 79.7449 1.03882 85.7258 1.03882C86.3341 1.03882 86.7649 1.21615 86.5875 1.97619C86.3087 3.24292 86.106 4.50967 85.7258 5.75107C85.6245 6.10576 85.0415 6.53645 84.6614 6.58712C83.3436 6.68846 82.0005 6.68846 80.6826 6.58712C80.2518 6.56179 79.7196 6.20709 79.4408 5.82707C78.7312 4.83902 78.1483 3.77496 77.5655 2.73624C77.0586 1.82419 76.4504 1.79888 75.7154 2.48291C74.6003 3.52164 73.4346 4.535 72.3702 5.62439C71.6606 6.33376 70.9257 6.71379 69.912 6.66312C68.6195 6.56178 67.327 6.61244 65.7051 6.61244Z" fill="white"/>
<path d="M20.3164 22.7506C21.5329 21.9399 22.8253 21.2305 23.915 20.3438C26.424 18.241 29.237 17.405 32.5063 17.7597C34.2296 17.937 35.9782 17.8103 37.7015 17.785C38.4871 17.7596 38.8166 18.0383 38.6392 18.849C38.4111 19.9384 38.3097 21.0785 38.0056 22.1679C37.9042 22.5226 37.3974 23.0039 37.0679 23.0039C31.5939 23.0546 26.0945 23.0293 20.6205 23.0039C20.5698 23.0039 20.5191 22.9026 20.3164 22.7506Z" fill="white"/>
<path d="M24.6246 1.06396C26.9308 1.06396 29.2116 1.06396 31.5178 1.06396C34.5083 1.06396 37.4987 1.06396 40.4892 1.06396C41.807 1.06396 41.959 1.26666 41.6549 2.58406C41.4522 3.49611 41.2494 4.38283 41.0974 5.32021C40.9707 6.10559 40.5399 6.38427 39.7796 6.38427C36.8398 6.35893 33.8748 6.38428 30.935 6.35895C30.5802 6.35895 30.1494 6.33358 29.8959 6.1309C28.0713 4.58549 26.2719 2.98941 24.4473 1.39333C24.498 1.26665 24.5739 1.1653 24.6246 1.06396Z" fill="white"/>
<path d="M24.8278 11.9579C27.2607 10.8178 29.3642 8.99374 32.38 9.32309C34.2554 9.52577 36.156 9.39908 38.0567 9.34841C38.9691 9.32308 39.1972 9.67778 38.9944 10.5138C38.741 11.6032 38.5382 12.7179 38.3355 13.8327C38.2088 14.5167 37.854 14.77 37.1697 14.77C34.4581 14.7447 31.721 15.0234 29.0854 14.6687C27.5395 14.466 26.1457 13.2246 24.6758 12.4646C24.7518 12.2619 24.8025 12.1099 24.8278 11.9579Z" fill="white"/>
</svg>
